mbtiles: 37M	kaliningrad.mbtiles
disk: /dev/vda1        39G   27G   12G  71% /
bounds: [18.913317, 54.317231, 22.887466, 55.645845]
